555180447577
555196917524
555196336646
555189599662
555195893800
555196359915
555180609936
555131072109
555199153257
555181792626
555192565743
558183383019
555181922782
555199840140
555199546253
555192677031
555195599238
555198006540
555197244802
555191771025
555192206246
555193478558
555186117344
555196025321
555182412498
555191995904
555197857920
555195137938
555198526368
555491126073
555197363706
555180180111
555181914476
555196894733
555195010225
555197770591
555181080104
555195482396
555198099006
555181338564
555195934197
555197348925
555182785262
555196046258
555195064766
555199051065
555192034935
555198297900
555181168901
555195810333
555193679077
555186318709
555197105560
555197400557
555195943467
555198494952
555198594227
555184193185
555195167835
555191403102
555194601134
555195324721
555191723895
555195575547
555182958535
555185492732
555180653495
555181856251
555195598364
555189278310
555198442219
555198029037
555196594824
555192213255
555199903508
555199748861
555198706458
555196162493
555192324422
555195567407
555199810139
555196030360
555199230843
555181019061
555192791713
555131072109
555135273680
555132534930
555130363121